-	script	#mvp廣播	-1,{
OnMobDropItemExpress:
	.@map$ = "0630";
	attachrid $@mobdrop_killerrid;
	setarray .@mvpcard[0],4399,4403,4576,27119,27294,4408,4441,4374,4652,4580,27287,27362,4302,27113,4263,300151,4682,4672,4671,4680,4678,4677,
							4675,4683,4673,4681,4679,4676,4674,4566,4560,4564,4562,4561,4563,4565,4365,4367,4363,4361,4359,4357,4625,4128,4305,
							4342,4376,4148,4135,4146,4143,4407,4324,300145,4574,4578,27180,4145,27298,27319,4137,4525,27081,4425,27150,4123,4330,
							4372,4419,4168,4276,27126,4131,4132,4142,4134,4121,4147,4430,4144,4236,4352,4509,4507,27104,4386,27162,4318,27363,27346,
							27334,300007,4662,300021,300014,300013,300239,300217,300262,300281,300248,4547,4550,300377,4591,4603,4601,300107,4602,4604,
							4697,27109,4534,4592,4590,4528,4526,27106,4647,27152,27305,4649,27182,31023,31026,27383,27382,4527,4456,27020,4651,4650,
							4648,27151,27327,27329,27318,27025,4636,4610,4556,27381,4457,4529,27164,300192,300193,300266,300280,300227,300228,300382,
							300099,300100,300078,300079,300080;
	if ($@mobdrop_mapname$ != .@map$){
		for ( .@i = 0; .@i<getarraysize(.@mvpcard); .@i++){
			if ( $@mobdrop_itemid == .@mvpcard[.@i]) {
					announce "'"+strcharinfo(0)+"' 擊殺了 "+strmobinfo(2, $@mobdrop_mobid)+" 獲得 "+getitemname($@mobdrop_itemid)+" (機率為: "+($@mobdrop_rate)/100+"."+($@mobdrop_rate-($@mobdrop_rate)/100*100)+"%)",bc_all;
			}
		}
	}

}